2 7
3 7
7 2 3 10 14 15 17 20 24 26 27 28 31 32 34 38 40 41 42 48 50 55 61 62 64 67 70 71 80 83 101 112 122 147 164 166 169 181 184 215 219 225 256 267 276 278 287 293 305 320 388
8 34 83
10 7
14 7
15 7 58
17 7
20 7 58
24 7
26 7
27 7
28 7
31 7
32 7
34 7 8 58 63
38 7
40 7 58 95 169
41 7
42 7
48 7
50 7
55 7
58 15 20 34 40 62 83
59 83
61 7
62 7 58
63 34
64 7
67 7
70 7
71 7
80 7
83 7 8 58 59 95 225
95 40 83 215
101 7
112 7
122 7
147 7
164 7
166 7
169 7 40 326 388 416 436
181 7
184 7
215 7 95
219 7
225 7 83
256 7
267 7
276 7
278 7
287 7
293 7
305 7
320 7
326 169
388 7 169
416 169
436 169
