1 71
2 12 71
7 71
8 71
12 2 135
14 71
15 71 252
20 252
22 71
24 71
26 71
27 71
28 71
31 71
34 71
38 71
40 71
41 71
42 71
48 71
49 284
50 71
55 71
58 71
59 252
62 71 252
64 71
65 252
66 71
67 71
68 71
71 1 2 7 8 14 15 22 24 26 27 28 31 34 38 40 41 42 48 50 55 58 62 64 66 67 68 77 80 83 101 108 112 122 166 169 181 192 199 215 244 256 309 350
77 71
80 71
83 71 252
89 252
95 252
96 252
101 71
107 252
108 71
112 71
122 71
135 12
166 71
169 71
173 252
181 71
192 71
194 252
199 71
215 71
221 252
225 252
244 71
252 15 20 59 62 65 83 89 95 96 107 173 194 221 225 254 256 267 276 278 359
254 252
256 71 252
267 252
276 252
278 252
284 49
309 71
350 71
359 252
