1 2 38
2 1 7 8 10 14 15 17 18 20 22 24 26 27 28 30 31 32 34 35 38 40 41 42 43 45 48 50 51 54 55 57 58 59 61 62 64 66 67 68 71 75 77 78 79 80 82 83 84 96 99 101 108 112 122 147 155 164 166 172 175 181 184 187 196 199 202 208 215 219 225 228 244 276 278 283 284 346
3 38 67 71 181
6 38
7 2 34 38 67 166 181
8 2 38
9 166
10 2 38 166
13 38
14 2 38 166
15 2 38 181
17 2 38 166
18 2 166
20 2 38
22 2 38 122
24 2 38
26 2 34 38 166
27 2 38
28 2 34 38 166 181
29 38
30 2 38
31 2 38 166 181
32 2 80 196 245
34 2 7 26 28 38 40 42 55 71 107 122 166 181 215 221 225 289
35 2 38 166
38 1 2 3 6 7 8 10 13 14 15 17 20 22 24 26 27 28 29 30 31 34 35 40 42 43 45 48 50 54 55 58 59 61 62 64 66 67 68 71 75 77 82 83 84 89 101 105 109 112 122 126 131 155 164 166 175 181 184 192 196 199 204 215 219 221 225 244 254 256 264 267 270 276 278 283 284 286 387
40 2 34 38 166
41 2
42 2 34 38 166
43 2 38
45 2 38 67 166 181
48 2 38 166
50 2 38 166 181
51 2 166
54 2 38 304
55 2 34 38 166
57 2 166
58 2 38 166
59 2 38 101
61 2 38 122 166 181
62 2 38 166
64 2 38 166 181
66 2 38 67 166 181
67 2 3 7 38 45 66 122 166
68 2 38 166 405
71 2 3 34 38 122 155 166 181
75 2 38 166
77 2 38
78 2
79 2
80 2 32
82 2 38
83 2 38 166
84 2 38
89 38
96 2
99 2
100 196
101 2 38 59 166 181
105 38
107 34
108 2
109 38
112 2 38 166
122 2 22 34 38 61 67 71 166 181 184 196
126 38
131 38
147 2
155 2 38 71 166
164 2 38
166 2 7 9 10 14 17 18 26 28 31 34 35 38 40 42 45 48 50 51 55 57 58 61 62 64 66 67 68 71 75 83 101 112 122 155 181 184 199 211 215 244 278
172 2
175 2 38
181 2 3 7 15 28 31 34 38 45 50 61 64 66 71 101 122 166 199 244
184 2 38 122 166
187 2
192 38
196 2 32 38 100 122 304 438
199 2 38 166 181
202 2
204 38
208 2
211 166
215 2 34 38 166
219 2 38
221 34 38
225 2 34 38
228 2
244 2 38 166 181
245 32
254 38
256 38
264 38
267 38
270 38
276 2 38
278 2 38 166
283 2 38
284 2 38
286 38
289 34
304 54 196
346 2
387 38
405 68
438 196