1
2
3
6
7
8
9
10
12
13
14
15
17
18
20
22
24
26
27
28
29
30
31
32
34
35
38
40
41
42
43
45
48
49
50
51
54
55
57
58
59
61
62
63
64
65
66
67
68
70
71
75
77
78
79
80
82
83
84
89
95
96
99
100
101
105
107
108
109
112
122
126
131
135
147
155
164
166
169
172
173
175
181
184
187
192
194
196
199
202
204
208
211
215
219
221
225
228
244
245
252
254
256
264
267
270
276
278
283
284
286
287
289
293
304
305
309
320
326
346
350
359
387
388
405
416
436
438
