4290
703055
310383
4141638
2242700
460086
1108070
229988
8571360
2981927
656789
665805
2787272
83188
367794
1178548
14950618
1305395
576929
2216649
5400726
719857
651636
2203000
1337000
327117
1442321
5408826
1346897
1712012
156897
501072
1731413
9729
6399788
4571000
509000
1793039
875781
489825
851716
549992
264579
277795
1773821
314804
1469629
3344009
20401
364415
880644
628672
616854
621518
802879
1337000
383971
2613529
275997
877803
243896
1595346
194505
205783
485185
638016
281538
1291993
273352
245341
593990
360655
301056
954292
1771528
530374
924735
319693
2242700
58302
461424
460488
1738325
327347
275100
411912
537822
655948
326956
132100
281395
409073
4987158
2229924
785093
308106
3118000
171707
570500
207785
836256
122257
89523
460810
562591
195778
249720
896773
381037
8674000
97751
210112
635271
1644000
122053
185220
461000
294098
45873
146440
33742
93825
526100
10944
20229
5051
1003707
89739